Input file: data2.txt
Vertex count: 5
Texture count: 4
Parsed face count: 6

Face 1 (1, 3, 2):
vertex (-0.500000, 0.000000, 0.500000) (0.500000, 0.000000, -0.500000) (0.500000, 0.000000, 0.500000) 
texture (0.000000, 0.000000) (1.000000, 1.000000) (1.000000, 0.000000) 

Face 2 (1, 4, 3):
vertex (-0.500000, 0.000000, 0.500000) (-0.500000, 0.000000, -0.500000) (0.500000, 0.000000, -0.500000) 
texture (0.000000, 0.000000) (0.500000, 1.000000) (1.000000, 1.000000) 

Face 3 (1, 2, 5):
vertex (-0.500000, 0.000000, 0.500000) (0.500000, 0.000000, 0.500000) (0.000000, 0.800000, 0.000000) 
texture (0.000000, 0.000000) (1.000000, 0.000000) (0.500000, 1.000000) 

Face 4 (2, 3, 5):
vertex (0.500000, 0.000000, 0.500000) (0.500000, 0.000000, -0.500000) (0.000000, 0.800000, 0.000000) 
texture (0.000000, 0.000000) (1.000000, 0.000000) (0.500000, 1.000000) 

Face 5 (3, 4, 5):
vertex (0.500000, 0.000000, -0.500000) (-0.500000, 0.000000, -0.500000) (0.000000, 0.800000, 0.000000) 
texture (0.000000, 0.000000) (1.000000, 0.000000) (0.500000, 1.000000) 

Face 6 (4, 1, 5):
vertex (-0.500000, 0.000000, -0.500000) (-0.500000, 0.000000, 0.500000) (0.000000, 0.800000, 0.000000) 
texture (0.000000, 0.000000) (1.000000, 0.000000) (0.500000, 1.000000) 

No duplicate vertex value
No errors
