Input file: data1.txt
Vertex count: 8
Texture count: 4
Parsed face count: 12

Face 1 (1, 2, 3):
vertex (-0.500000, -0.500000, 0.500000) (0.500000, -0.500000, 0.500000) (0.500000, 0.500000, 0.500000) 
texture (0.000000, 0.000000) (1.000000, 0.000000) (1.000000, 1.000000) 

Face 2 (1, 3, 4):
vertex (-0.500000, -0.500000, 0.500000) (0.500000, 0.500000, 0.500000) (-0.500000, 0.500000, 0.500000) 
texture (0.000000, 0.000000) (1.000000, 1.000000) (0.000000, 1.000000) 

Face 3 (6, 5, 8):
vertex (0.500000, -0.500000, -0.500000) (-0.500000, -0.500000, -0.500000) (-0.500000, 0.500000, -0.500000) 
texture (0.000000, 0.000000) (1.000000, 0.000000) (1.000000, 1.000000) 

Face 4 (6, 8, 7):
vertex (0.500000, -0.500000, -0.500000) (-0.500000, 0.500000, -0.500000) (0.500000, 0.500000, -0.500000) 
texture (0.000000, 0.000000) (1.000000, 1.000000) (0.000000, 1.000000) 

Face 5 (4, 3, 7):
vertex (-0.500000, 0.500000, 0.500000) (0.500000, 0.500000, 0.500000) (0.500000, 0.500000, -0.500000) 
texture (0.000000, 0.000000) (1.000000, 0.000000) (1.000000, 1.000000) 

Face 6 (4, 7, 8):
vertex (-0.500000, 0.500000, 0.500000) (0.500000, 0.500000, -0.500000) (-0.500000, 0.500000, -0.500000) 
texture (0.000000, 0.000000) (1.000000, 1.000000) (0.000000, 1.000000) 

Face 7 (5, 6, 2):
vertex (-0.500000, -0.500000, -0.500000) (0.500000, -0.500000, -0.500000) (0.500000, -0.500000, 0.500000) 
texture (0.000000, 0.000000) (1.000000, 0.000000) (1.000000, 1.000000) 

Face 8 (5, 2, 1):
vertex (-0.500000, -0.500000, -0.500000) (0.500000, -0.500000, 0.500000) (-0.500000, -0.500000, 0.500000) 
texture (0.000000, 0.000000) (1.000000, 1.000000) (0.000000, 1.000000) 

Face 9 (2, 6, 7):
vertex (0.500000, -0.500000, 0.500000) (0.500000, -0.500000, -0.500000) (0.500000, 0.500000, -0.500000) 
texture (0.000000, 0.000000) (1.000000, 0.000000) (1.000000, 1.000000) 

Face 10 (2, 7, 3):
vertex (0.500000, -0.500000, 0.500000) (0.500000, 0.500000, -0.500000) (0.500000, 0.500000, 0.500000) 
texture (0.000000, 0.000000) (1.000000, 1.000000) (0.000000, 1.000000) 

Face 11 (5, 1, 4):
vertex (-0.500000, -0.500000, -0.500000) (-0.500000, -0.500000, 0.500000) (-0.500000, 0.500000, 0.500000) 
texture (0.000000, 0.000000) (1.000000, 0.000000) (1.000000, 1.000000) 

Face 12 (5, 4, 8):
vertex (-0.500000, -0.500000, -0.500000) (-0.500000, 0.500000, 0.500000) (-0.500000, 0.500000, -0.500000) 
texture (0.000000, 0.000000) (1.000000, 1.000000) (0.000000, 1.000000) 

No duplicate vertex value
No errors
